matrix:
weights = [
    [ 0      ,	5      ,	1000000,	15     ,	1000000,	6      ,	10     ,	1000000,	1000000,	7       ],
    [ 5      ,	0      ,	1000000,	1000000,	1000000,	1000000,	1000000,	1000000,	1000000,	1000000 ],
    [ 1000000,	1000000,	0      ,	1000000,	14     ,	14     ,	1000000,	1000000,	12     ,	13      ],
    [ 15     ,	1000000,	1000000,	0      ,	13     ,	5      ,	12     ,	4      ,	1000000,	1       ],
    [ 1000000,	1000000,	14     ,	13     ,	0      ,	1000000,	1000000,	1000000,	1000000,	1000000 ],
    [ 6      ,	1000000,	14     ,	5      ,	1000000,	0      ,	15     ,	1000000,	1000000,	3       ],
    [ 10     ,	1000000,	1000000,	12     ,	1000000,	15     ,	0      ,	1000000,	8      ,	1000000 ],
    [ 1000000,	1000000,	1000000,	4      ,	1000000,	1000000,	1000000,	0      ,	4      ,	10      ],
    [ 1000000,	1000000,	12     ,	1000000,	1000000,	1000000,	8      ,	4      ,	0      ,	1000000 ],
    [ 7      ,	1000000,	13     ,	1      ,	1000000,	3      ,	1000000,	10     ,	1000000,	0       ]
]

nodes: 1, 8

Runs (10 generations):
Solution: ([1, 9, 5, 0, 3, 3, 9, 3, 7, 8], 1000034)
Solution: ([1, 0, 0, 9, 0, 0, 5, 5, 2, 8], 51)
Solution: ([1, 7, 3, 3, 5, 9, 9, 3, 7, 8], 1000021)
Solution: ([1, 0, 3, 3, 7, 7, 9, 3, 6, 8], 55)
Solution: ([1, 0, 9, 9, 3, 0, 0, 9, 7, 8], 49)

Runs (50 generations):
Solution: ([1, 1, 0, 9, 3, 9, 3, 9, 7, 8], 30)
Solution: ([1, 0, 9, 9, 9, 9, 3, 6, 6, 8], 33)
Solution: ([1, 1, 0, 9, 9, 3, 3, 3, 7, 8], 21)
Solution: ([1, 0, 9, 3, 3, 3, 3, 3, 7, 8], 21)
Solution: ([1, 0, 9, 3, 3, 3, 3, 3, 7, 8], 21)

Runs (1000 generations):
Solution: ([1, 0, 9, 9, 9, 9, 3, 7, 8, 8], 21)
Solution: ([1, 0, 0, 0, 9, 9, 9, 3, 7, 8], 21)
Solution: ([1, 0, 5, 5, 5, 9, 3, 3, 7, 8], 23)
Solution: ([1, 0, 9, 9, 3, 3, 3, 7, 7, 8], 21)
Solution: ([1, 1, 0, 9, 9, 3, 3, 3, 7, 8], 21)

matrix:

[ 0      ,	1000000,	5      ,	1000000,	3      ,	15     ,	5      ,	1000000,	1000000,	15     , ],
[ 1000000,	0      ,	1000000,	15     ,	1000000,	3      ,	1000000,	7      ,	11     ,	1000000, ],
[ 5      ,	1000000,	0      ,	1000000,	1000000,	1000000,	11     ,	14     ,	1000000,	6      , ],
[ 1000000,	15     ,	1000000,	0      ,	1000000,	1000000,	1000000,	8      ,	1000000,	3      , ],
[ 3      ,	1000000,	1000000,	1000000,	0      ,	11     ,	1000000,	1000000,	9      ,	1000000, ],
[ 15     ,	3      ,	1000000,	1000000,	11     ,	0      ,	1000000,	1000000,	4      ,	1000000, ],
[ 5      ,	1000000,	11     ,	1000000,	1000000,	1000000,	0      ,	4      ,	1000000,	1000000, ],
[ 1000000,	7      ,	14     ,	8      ,	1000000,	1000000,	4      ,	0      ,	1000000,	4      , ],
[ 1000000,	11     ,	1000000,	1000000,	9      ,	4      ,	1000000,	1000000,	0      ,	15     , ],
[ 15     ,	1000000,	6      ,	3      ,	1000000,	1000000,	1000000,	4      ,	15     ,	0      , ],

nodes: 0, 9

Runs (1000 generations):
Solution: ([0, 2, 9, 7, 7, 7, 9, 9, 9, 9], 19)
Solution: ([0, 2, 2, 2, 2, 2, 2, 2, 2, 9], 11)
Solution: ([0, 4, 5, 1, 1, 1, 1, 1, 7, 9], 28)
Solution: ([0, 6, 7, 7, 9, 9, 9, 9, 9, 9], 13)
Solution: ([0, 0, 0, 4, 5, 5, 1, 7, 7, 9], 28)
Solution: ([0, 6, 7, 1, 1, 1, 7, 7, 7, 9], 27)